canvas 0 0 800 800
shape rect rectangle
shape elli ellipse
shape plus plus
motion rect 1 300 100 100 100 255 0 0 1 300 100 100 100 255 0 0
motion elli 1 150 300 150 150 0 255 0 1 150 300 150 150 0 255 0
motion plus 1 450 300 200 200 0 0 255 1 450 300 200 200 0 0 255
motion rect 1 300 100 100 100 255 0 0 100 150 300 150 150 0 255 0
motion elli 1 150 300 150 150 0 255 0 100 450 300 200 200 0 0 255
motion plus 1 450 300 200 200 0 0 255 100 300 100 100 100 255 0 0
motion rect 100 150 300 150 150 0 255 0 200 450 300 200 200 0 0 255
motion elli 100 450 300 200 200 0 0 255 200 300 100 100 100 255 0 0
motion plus 100 300 100 100 100 255 0 0 200 150 300 150 150 0 255 0
motion rect 200 450 300 200 200 0 0 255 300 300 100 100 100 255 0 0
motion elli 200 300 100 100 100 255 0 0 300 150 300 150 150 0 255 0
motion plus 200 150 300 150 150 0 255 0 300 450 300 200 200 0 0 255