canvas 0 0 800 800
shape cross1 plus
shape cross3 plus
shape cross2 plus
shape cross4 plus
shape cross6 plus
shape cross5 plus
shape cross7 plus
shape cross8 plus
shape cross9 plus

motion cross1 1 0 900 150 130 248 248 255 1 0 900 150 130 248 248 255
motion cross1 1 -150 900 150 130 248 248 255 100 0 207 150 130 0 0 0
motion cross3 1 150 900 150 130 248 248 255 1 150 900 150 130 248 248 255
motion cross3 1 180 900 150 130 248 248 255 100 150 207 150 130 0 0 0
motion cross2 1 70 -100 170 130 248 248 255 1 70 -100 170 130 248 248 255
motion cross2 1 70 -100 170 130 248 248 255 100 70 80 170 130 100 100 100

motion cross7 1 220 -100 170 130 248 248 255 1 220 -100 170 130 248 248 255
motion cross7 1 250 -100 170 130 248 248 255 100 220 80 170 130 100 100 100

motion cross4 1 300 900 150 130 248 248 255 1 300 900 150 130 248 248 255
motion cross4 1 400 900 150 130 248 248 255 100 300 207 150 130 0 0 0
motion cross6 1 450 900 150 130 248 248 255 1 450 900 150 130 248 248 255
motion cross6 1 550 900 150 130 248 248 255 100 450 207 150 130 0 0 0
motion cross5 1 370 -100 170 130 248 248 255 1 370 -100 170 130 248 248 255
motion cross5 1 570 -100 170 130 248 248 255 100 370 80 170 130 100 100 100

motion cross8 1 130 -100 165 130 248 248 255 1 165 -100 130 130 248 248 255
motion cross8 1 130 -100 165 130 248 248 255 100 165 -16 130 130 160 82 45
motion cross9 1 230 -100 165 130 248 248 255 1 200 -100 130 130 248 248 255
motion cross9 1 230 -100 165 130 248 248 255 100 315 -16 130 130 160 82 45