canvas 0 0 800 800
shape background rectangle
shape stem rectangle
shape grass rectangle
shape leaf1 ellipse
shape leaf2 ellipse
shape leaf3 ellipse
shape leaf4 ellipse
shape leaf5 ellipse
shape leaf6 ellipse
shape leaf7 ellipse
shape lake ellipse
motion background 1 0 0 800 800 3 152 252 1 0 0 800 800 3 152 252
motion background 1 0 0 800 800 3 152 252 50 0 0 800 800 3 152 252
motion background 50 0 0 800 800 3 152 252 90 0 0 800 800 10 75 207
motion background 90 0 0 800 800 10 75 207 200 0 0 800 800 10 75 207
motion stem 1 120 400 100 326 160 82 45 1 120 400 100 326 160 82 45
motion stem 1 120 400 100 326 160 82 45 200 120 400 100 326 160 82 45
motion grass 1 0 850 800 100 67 138 45 1 0 850 800 100 67 138 45
motion grass 1 0 850 800 100 67 138 45 40 0 700 800 100 67 138 45
motion grass 40 0 700 800 100 67 138 45 200 0 700 800 100 67 138 45
motion lake 50 500 900 300 100 0 200 255 90 500 700 300 100 0 200 255
motion lake 90 500 700 300 100 0 200 255 200 500 700 300 100 0 200 255
motion leaf1 1 200 -200 150 150 103 194 76 1 200 -200 150 150 103 194 76
motion leaf1 1 200 -200 150 150 103 194 76 100 200 200 150 150 103 194 76
motion leaf2 1 150 -300 150 130 103 194 76 1 150 -300 150 130 103 194 76
motion leaf2 1 150 -300 150 130 103 194 76 100 150 300 150 130 103 194 76
motion leaf3 1 50 -300 150 130 103 194 76 1 50 -300 150 130 103 194 76
motion leaf3 1 50 -300 150 130 103 194 76 100 50 300 150 130 103 194 76
motion leaf4 1 0 -200 150 150 103 194 76 1 0 -200 150 150 103 194 76
motion leaf4 1 0 -200 150 150 103 194 76 100 0 200 150 150 103 194 76
motion leaf5 1 100 -200 150 150 103 194 76 1 100 -200 150 150 103 194 76
motion leaf5 1 100 -200 150 150 103 194 76 100 100 200 150 150 103 194 76
motion leaf6 1 150 -100 150 130 103 194 76 1 150 -100 150 130 103 194 76
motion leaf6 1 150 -100 150 130 103 194 76 100 150 100 150 130 103 194 76
motion leaf7 1 50 -100 150 130 103 194 76 1 50 -100 150 130 103 194 76
motion leaf7 1 50 -100 150 130 103 194 76 100 50 100 150 130 103 194 76